barrier 0.00 0 -10.00 144.74 546.29 277.52 625.97 0.93 3.29 0.61 -9.33 2.19 19.17 -0.07 0.0000
truck 0.00 0 -10.00 1070.19 0.00 1600.00 900.00 3.7 3.23 10.02 3.74 1.64 6.59 1.61 0.0000
car 0.00 0 -10.00 0.00 519.56 196.82 601.98 1.5 2.00 4.61 -16.64 2.72 27.71 -0.35 0.0000
traffic_cone 0.00 0 -10.00 257.43 518.71 286.89 603.73 1.3 0.33 0.28 -8.72 2.09 19.71 -1.62 0.0000
bicycle 0.00 0 -10.00 576.73 488.79 603.80 545.22 1.9 0.80 1.92 -8.09 2.52 42.95 1.43 0.0000
construction_vehicle 0.00 0 -10.00 0.00 247.12 183.69 745.57 3.9 3.08 8.13 -10.87 2.20 14.12 -1.58 0.0000
traffic_cone 0.00 0 -10.00 90.20 537.24 138.78 644.23 1.3 0.35 0.39 -9.08 2.20 15.98 -3.06 0.0000
traffic_cone 0.00 0 -10.00 228.24 528.77 260.14 613.90 1.3 0.33 0.32 -8.91 2.18 19.17 -1.62 0.0000
car 0.00 0 -10.00 756.56 489.31 1106.04 774.31 1.5 1.85 4.32 0.66 1.65 8.92 -1.53 0.0000
car 0.00 0 -10.00 834.75 464.06 1044.01 638.00 1.8 2.11 4.58 1.30 1.72 15.14 -1.50 0.0000
