58 0.39 0.416 0.039 0.163
62 0.128 0.505 0.233 0.223
62 0.934 0.583 0.127 0.185
56 0.605 0.633 0.088 0.241
56 0.503 0.627 0.097 0.231
56 0.669 0.619 0.047 0.191
56 0.513 0.528 0.034 0.027
0 0.686 0.532 0.083 0.324
0 0.612 0.446 0.024 0.084
68 0.812 0.502 0.023 0.037
72 0.786 0.536 0.032 0.254
73 0.956 0.772 0.022 0.107
73 0.968 0.778 0.02 0.109
74 0.711 0.31 0.022 0.051
75 0.887 0.832 0.057 0.21
75 0.557 0.517 0.018 0.053
56 0.652 0.529 0.015 0.029
75 0.388 0.478 0.022 0.041
75 0.534 0.488 0.015 0.039
60 0.6 0.647 0.196 0.209
