1 0.5683923102983859 0.44973260870720544 0.005262628897112028 0.017270039062499975
0 0.8498416484375 0.74104040234375 0.300316703125 0.5179191953125001
0 0.645734984375 0.5284631953124999 0.05164564062500006 0.06908015625
0 0.42698115625 0.496390265625 0.024013578125000025 0.027632062500000033
0 0.5677730937500001 0.48849539062499997 0.02203985937500003 0.013816031250000017
0 0.6631694999999999 0.5422792265624999 0.05164564062499994 0.07845532031250002
0 0.548364859375 0.46777134374999996 0.017434515624999966 0.02220433593750002
0 0.5750100625 0.5008311328125 0.021052999999999975 0.01924375781250003
1 0.32961103124999996 0.5008311328125 0.015131843749999992 0.03552693749999998
0 0.44704729687499994 0.5171143124999998 0.04407971875 0.04391524218749998
1 0.596392015625 0.5067522890625 0.00953964062499999 0.03552693749999998
1 0.625997796875 0.4939231171875 0.008552781250000053 0.017270039062499975
1 0.675340765625 0.49836398437499996 0.008552781250000053 0.01578974999999998
1 0.6505047051806723 0.49244258388096834 0.006579008223548518 0.00986867516467722
0 0.504943046875 0.492442828125 0.06546167187499995 0.11299539843749998
0 0.562180890625 0.4855348125000001 0.027632062500000033 0.03454007812500004
0 0.45987646875 0.46629105468750004 0.017434515625000025 0.020724046875000023
0 0.618102921875 0.5255026171874999 0.03125054687500004 0.04983639843749997
1 0.3207298213881254 0.5389870727468731 0.01710634926968808 0.03174332092109324
0 0.35230879687499994 0.4909625390625001 0.024013578125000025 0.03454007812500004
0 0.50592990625 0.5146471640625 0.06250109374999996 0.04292838281250004
0 0.46382390625 0.46234361718749994 0.012829171875000019 0.017763468750000032
0 0.356914140625 0.5363580703124999 0.05690889062500002 0.06069185156249999
0 0.507903625 0.5491872421874999 0.06908015625000002 0.08141589843750001
0 0.54014103125 0.4939231171875001 0.011184406250000004 0.029112351562500027
0 0.7286311718749999 0.5615229843749999 0.019408234374999958 0.05230354687499998
0 0.470074015625 0.460863328125 0.011184406250000004 0.01529632031250001
0 0.566786234375 0.520074890625 0.045066578125 0.04835610937499996
0 0.45066578124999995 0.48010708593750007 0.023026718750000025 0.029112351562500027
0 0.3727038906249999 0.520074890625 0.049671921875000004 0.06463928906250001
0 0.45823170312499995 0.47467935937500005 0.01578975000000001 0.020724046875000023
1 0.615471296875 0.4998442734374999 0.010526500000000046 0.02417805468749998
0 0.7092229375 0.5546149687499999 0.09375164062500001 0.11743626562500005
0 0.09284701953125 0.6523140468749998 0.1856940390625 0.18059526562499997
0 0.437836609375 0.4884953906250001 0.01842137500000002 0.020724046875000023
