1 0.5565902524040143 0.45889273918302864 0.004605343749999946 0.017270039062499975
0 0.8204003437499999 0.707578171875 0.3591993125000001 0.447047296875
0 0.6114166426284667 0.5190911610580287 0.042656167868795336 0.05822548557700715
0 0.4223758125 0.49540340625 0.023026718750000025 0.026151773437500036
0 0.54935171875 0.48849539062499997 0.014802890625000013 0.013816031250000017
0 0.618102921875 0.5284631953124999 0.03486903125000005 0.06908015625
0 0.53356196875 0.46777134374999996 0.014802890625000013 0.020724046875000023
0 0.557575546875 0.4978705546875 0.01842137500000002 0.017763468750000032
1 0.33158474999999993 0.49540340625 0.010526499999999987 0.027138632812499973
0 0.442441953125 0.5116865859375 0.03782960937499998 0.03996780468749996
1 0.5792864531250002 0.501822126818184 0.009047244595171004 0.029858181210940415
1 0.594914827535513 0.48948535097301293 0.007565921874999996 0.016531445017756496
0 0.07171178125000001 0.7366905234375 0.14342356250000002 0.29655124218749995
0 0.46185018749999995 0.46234361718749994 0.011184406250000004 0.010855453125000025
0 0.492113875 0.48849539062499997 0.05789575000000002 0.09523192968750004
0 0.5455704805752849 0.48134324430042746 0.02861892187500003 0.029609915880683957
0 0.45066578124999995 0.46481076562499996 0.01644765625000003 0.017763468750000032
0 0.5898129531249999 0.5185946015624999 0.025658343750000038 0.04292838281250004
1 0.339474801264202 0.5210679519460258 0.016120770440341953 0.04613412529474355
0 0.354282515625 0.4909625390625 0.02861892187500003 0.036020367187500034
0 0.46448181250000004 0.45938303906249994 0.0026316250000000116 0.003947437500000017
0 0.493100734375 0.5047785703125 0.051645640624999996 0.033059789062499956
0 0.455271125 0.46333047656250004 0.012829171875000019 0.017763468750000032
0 0.01521408203125 0.972828998046875 0.0304281640625 0.05434200390625001
0 0.368098546875 0.5255026171874999 0.04704029687499999 0.04983639843749997
0 0.49507445312500004 0.5407989375 0.06151423437499996 0.07302759375000001
0 0.527311859375 0.496390265625 0.021053000000000033 0.03157949999999996
0 0.675340765625 0.5363580703125 0.03848751562499994 0.07154730468750001
0 0.547378 0.513166875 0.03848751562499994 0.04292838281249996
0 0.4407971875 0.478626796875 0.023026718750000025 0.026151773437500036
0 0.38191457812500007 0.5146471640625 0.04407971875 0.057731273437499994
0 0.44803415625000004 0.47319907031249997 0.01578975000000001 0.017763468750000032
1 0.5934314374999999 0.492442828125 0.010526500000000046 0.01578974999999998
0 0.6539588124999999 0.537838359375 0.07269864062500003 0.09128449218750001
0 0.21447743749999998 0.5906353359375001 0.12138370312499998 0.11743626562500005
0 0.4315865 0.48849539062499997 0.017434515625000025 0.01924375781250003
