0 0.554286015625 0.47245892578125004 0.089146296875 0.15296320312499995
0 0.36168396093750005 0.49811726953125 0.038487515624999996 0.04687582031249997
1 0.7858690156250001 0.49342968749999994 0.053948312500000026 0.035526937500000064
0 0.2616822109375 0.5134135898437501 0.05690889062500002 0.12286399218750002
0 0.5223775624999999 0.49861069921874995 0.010197546875000008 0.016776609374999918
1 0.30987384375 0.48775524609374993 0.016118703124999988 0.01578974999999998
0 0.4697450625000001 0.5097128671875002 0.01578975000000001 0.017763468750000032
0 0.31645290625000005 0.49367640234374993 0.049671921875000004 0.09375164062500004
0 0.450336828125 0.49466326171875 0.024671484374999983 0.03454007812500004
1 0.05017246680779515 0.5050271601195373 0.08782913824751173 0.05328838705876758
1 0.3585589062500001 0.49170268359374986 0.0029605781249999906 0.006908015625000008
0 0.5475424765625 0.47319907031249997 0.046053437499999995 0.04391524218750007
1 0.714157234375 0.4823275195312501 0.04177704687500003 0.022697765624999987
0 0.4806005156250001 0.49737712500000003 0.004605343750000005 0.006908015625000008
0 0.48306766406249996 0.47393921484375 0.024671484374999983 0.057731273437499994
0 0.5261605234375 0.50502528515625 0.005592203125000002 0.008388304687500004
0 0.47435040625 0.49885741406249995 0.0026316250000000116 0.006908015625000008
0 0.48306766406249996 0.48602824218750007 0.032237406249999975 0.057731273437499994
0 0.48027156249999997 0.5020647070312501 0.0036184843750000084 0.0029605781249999906
0 0.41908628125 0.494416546875 0.032237406249999975 0.06217214062499998
0 0.7457367343750001 0.65946877734375 0.22702081510416666 0.3813948984374999
0 0.523364421875 0.50329828125 0.01842137500000002 0.03848751562500006
0 0.4682647734375 0.50255813671875 0.010197546875000008 0.01924375781250003
1 0.3685919765625 0.4919493984375 0.008552781249999994 0.014309460937499985
0 0.4764886015625 0.5013245625 0.0026316250000000116 0.005427726562500013
0 0.2870116015625 0.4988574140625001 0.011842312500000023 0.033059789062500046
1 0.25559657812500003 0.49589683593749995 0.027632062499999974 0.025658343750000024
0 0.650011375 0.4857815273437501 0.05690889062500002 0.07302759375000001
1 0.64737975 0.48060051562500006 0.004605343750000005 0.006908015624999919
0 0.2843799765624999 0.5082325781250001 0.004605343750000005 0.033059789062499956
1 0.72040734375 0.49046910937499993 0.04473762500000002 0.032566359375000076
