1 0.5589730278798107 0.45988057114036246 0.004605343749999946 0.017270039062499975
0 0.8231964453124999 0.7199139140624999 0.35360710937500006 0.4662910546874999
0 0.6164581562499999 0.5230354687500001 0.045066578125 0.059211562499999995
0 0.4223758125 0.4978705546875 0.023026718750000025 0.026151773437500036
0 0.55198334375 0.48849539062499997 0.021052999999999975 0.013816031250000017
0 0.6273136093749999 0.5353712109375 0.03782960937499998 0.06908015625
0 0.5355356874999999 0.47171878125000005 0.01578974999999995 0.020724046875000023
0 0.560207171875 0.49935084375 0.01842137500000002 0.01924375781250003
1 0.3291180707523578 0.4968851028820733 0.012827920702045859 0.027138632812499973
0 0.442441953125 0.5146471640625 0.038487515624999996 0.04292838281250004
1 0.5802733124999998 0.5052719999999999 0.00953964062499999 0.032566359374999986
1 0.600339453125 0.4939231171875 0.007565921874999996 0.017270039062499975
0 0.026891917968749998 0.8067575390625 0.053783835937499996 0.3488547890625
0 0.46086332812499997 0.46234361718749994 0.011184406250000004 0.010855453125000025
0 0.493100734375 0.4909625390625 0.060856328125000005 0.09917936718749995
0 0.548364859375 0.4840545234375 0.02861892187499997 0.03157949999999996
0 0.45165264062500005 0.47171878125000005 0.01578975000000001 0.020724046875000023
0 0.5934314374999999 0.5230354687500001 0.025658343750000038 0.04292838281250004
1 0.3319158926776697 0.5240223281249999 0.017103685740568805 0.046134971996463305
0 0.35132193749999996 0.492442828125 0.02861892187500003 0.033059789062500046
0 0.49408759375 0.5102062968750001 0.05427726562500001 0.037007226562499974
0 0.455271125 0.46481076562499996 0.012829171875000019 0.017763468750000032
0 0.36349320312499994 0.5309303437499999 0.04868506250000001 0.055264124999999976
0 0.49671921874999997 0.5432660859374999 0.061514234375000025 0.075988171875
0 0.5279697656249999 0.49935084375 0.018421374999999962 0.027632062500000033
0 0.68356459375 0.5422792265624999 0.03486903125000005 0.07302759375000001
0 0.5493517187499999 0.516127453125 0.039474375000000055 0.04391524218749998
0 0.4407971875 0.481587375 0.024013578125000025 0.027632062500000033
0 0.376322375 0.5171143125 0.045066578125 0.059211562499999995
0 0.44803415625000004 0.47467935937500005 0.01578975000000001 0.017763468750000032
1 0.597378875 0.49540340625 0.008552781250000053 0.01578974999999998
0 0.6631695 0.5407989375 0.07533026562499998 0.09523192968750004
0 0.189477 0.6014907890624999 0.135199734375 0.12829171874999998
0 0.4315865 0.4884953906250001 0.01842137500000002 0.020724046875000023
