1 0.5547667332416755 0.46169842300832453 0.004605343749999946 0.01590357336875652
0 0.81571276171875 0.69672271875 0.3685744765625001 0.4164546562500001
0 0.59803678125 0.5215551796875 0.03782960937499998 0.05378383593749998
0 0.42698115625 0.49935084375 0.021052999999999975 0.024671484375000045
0 0.548364859375 0.4939231171875 0.013816031249999956 0.010855453125000025
0 0.6026421250000001 0.52698290625 0.027632062500000033 0.057731273437499994
0 0.53356196875 0.47566621875 0.01578974999999995 0.01924375781250003
0 0.552970203125 0.506258859375 0.01842137500000002 0.024671484375000045
1 0.341782296875 0.4998442734374999 0.008552781249999994 0.027138632812499973
0 0.449021015625 0.5131668749999999 0.032237406249999975 0.03848751562499997
1 0.581260171875 0.49836398437499996 0.008552781250000053 0.01282917187499999
0 0.47007401562500006 0.4662910546875 0.0026316250000000116 0.005427726562500013
1 0.581260171875 0.4968836953125 0.007565921874999996 0.014309460937499985
0 0.21151685937500003 0.6276425625 0.17105562500000004 0.16431208593750002
0 0.46382390625 0.4662910546875 0.00921068750000001 0.010855453125000025
0 0.493100734375 0.492442828125 0.051645640624999996 0.08536333593750003
0 0.544746375 0.4870151015625 0.025658343750000038 0.020724046875000023
0 0.4526395 0.47467935937499994 0.012829171875000019 0.01924375781250003
0 0.5796154062499999 0.5215551796875 0.021052999999999975 0.037007226562499974
1 0.360861578125 0.5166208828124998 0.013158124999999998 0.04983639843749997
0 0.36250634374999996 0.492442828125 0.02500043750000002 0.029112351562500027
0 0.47007401562500006 0.46777134374999996 0.004605343750000005 0.008388304687500004
0 0.49408759374999994 0.506258859375 0.046053437499999995 0.029112351562500027
0 0.45724484374999996 0.46777134374999996 0.012829171875000019 0.017763468750000032
0 0.1435880390625 0.7820860546875 0.287176078125 0.34095991406250004
0 0.382572484375 0.5230354687500001 0.040461234374999995 0.04292838281250004
0 0.49770607812499995 0.5432660859375 0.05986946875000001 0.07154730468750001
0 0.528956625 0.506258859375 0.02861892187500003 0.029112351562500027
0 0.6539588124999999 0.5407989375 0.05329040624999995 0.07450788281250001
0 0.5427726562499999 0.516127453125 0.03684275000000004 0.03996780468749996
0 0.44441567187500003 0.4840545234375 0.021052999999999975 0.026151773437500036
0 0.391783171875 0.5146471640625 0.03947437499999999 0.04983639843749997
0 0.451652640625 0.47714650781250006 0.012829171875000019 0.017763468750000032
1 0.5878392343750001 0.4968836953124999 0.008552781250000053 0.01282917187499999
0 0.04843834765625 0.6054382265625 0.0968766953125 0.11447568749999996
0 0.04070794921875 0.5491872421874999 0.0814158984375 0.09523192968750004
0 0.6302741875 0.5324106328125 0.05690889062499996 0.07450788281250001
0 0.28257073437499997 0.5669507109375 0.07993560937500002 0.08289618750000001
0 0.435204984375 0.492442828125 0.01644765625000003 0.017763468750000032
