1 0.5532485326612863 0.46321662358871374 0.004605343749999946 0.014764922933464675
0 0.811527359375 0.6592220624999999 0.36711168750000006 0.39869118750000004
0 0.5924445781250001 0.4939231171874999 0.03486903125000005 0.04983639843749997
0 0.430599640625 0.47566621875 0.021052999999999975 0.024671484375000045
0 0.547378 0.4662910546875 0.014802890625000013 0.008388304687500004
0 0.597049921875 0.5008311328125 0.024013578125000025 0.055264124999999976
0 0.5355356874999999 0.45099473437499993 0.014802890625000013 0.01924375781250003
0 0.5565886875 0.481587375 0.011842312499999962 0.024671484375000045
1 0.3486903125 0.4781333671875 0.008552781249999994 0.02417805468749998
0 0.45165264062499993 0.48849539062499997 0.029276828124999987 0.036020367187500034
0 0.47204773437499997 0.4455670078125 0.0036184843750000084 0.008388304687500004
1 0.5773127343750001 0.4712253515624999 0.008552781250000053 0.01578974999999998
0 0.264149359375 0.5723784375 0.150989484375 0.11743626562499995
0 0.46382390625 0.4455670078125 0.011184406250000004 0.010855453125000025
0 0.49507445312500004 0.4662910546875 0.049671921875000004 0.07845532031250002
0 0.544746375 0.46234361718749994 0.025658343750000038 0.02220433593750002
0 0.456257984375 0.45099473437499993 0.014802890625000013 0.020724046875000023
0 0.5769837812499999 0.49540340625 0.019408234374999958 0.036020367187500034
1 0.3684275 0.4968836953124999 0.011513359374999983 0.041448093749999956
0 0.36711168750000006 0.47171878125 0.02500043750000002 0.03157949999999996
0 0.471060875 0.4455670078125 0.004605343750000005 0.008388304687500004
0 0.49507445312500004 0.4840545234375 0.04407971875 0.03157949999999996
0 0.45823170312499995 0.447047296875 0.012829171875000019 0.01529632031250001
0 0.21151685937499998 0.67303809375 0.245727984375 0.23585939062500003
0 0.39013840625 0.49935084374999994 0.038487515624999996 0.041448093749999956
0 0.49869293749999993 0.5185946015624999 0.05986946875000001 0.07056044531249998
0 0.5361935937500001 0.481587375 0.03486903124999999 0.029112351562500027
0 0.645734984375 0.5131668749999999 0.05986946875000001 0.07450788281250001
0 0.5417857968750001 0.4884953906249999 0.03486903124999999 0.03848751562499997
0 0.44704729687499994 0.46086332812499997 0.02203985937500003 0.024671484375000045
0 0.39934909375 0.48849539062499997 0.03684274999999999 0.045395531249999975
0 0.4526395 0.45395531250000004 0.013816031250000017 0.01924375781250003
1 0.58224703125 0.472705640625 0.008552781250000053 0.01282917187499999
0 0.98282094921875 0.5906353359375001 0.03435810156250009 0.18355584375000006
0 0.09037987109375001 0.6192542578125 0.18075974218750002 0.21266819531249997
0 0.07080716015625 0.506258859375 0.1416143203125 0.04391524218749998
0 0.6210634999999999 0.50329828125 0.05164564062499994 0.06908015625
0 0.306255359375 0.5284631953124999 0.06710643750000003 0.06908015625
0 0.437836609375 0.47171878125 0.01644765625000003 0.01924375781250003
