1 0.5651403959078781 0.44852758593750003 0.004852326804280456 0.017270039062499975
0 0.83873948046875 0.7283022187499999 0.3225210390624999 0.5077391484374999
0 0.63487953125 0.5185946015624999 0.04868506250000001 0.0675998671875
0 0.42303371875000007 0.48553481249999997 0.023026718750000025 0.024671484375000045
0 0.56119403125 0.4801070859375002 0.019408234374999958 0.012335742187500023
0 0.6513271875000001 0.5284631953125 0.04605343750000005 0.07845532031250002
0 0.54277265625 0.45938303906249994 0.01644765625000003 0.020724046875000023
0 0.568431 0.4884953906250001 0.01842137500000002 0.017763468750000032
1 0.33059789062499995 0.4870151015625 0.011513359374999983 0.032566359374999986
0 0.44441567187500003 0.506258859375 0.04243495312499999 0.04391524218749998
1 0.5888260937500001 0.4968836953124999 0.010526500000000046 0.03552693749999998
1 0.6164581562499999 0.4840545234375 0.00953964062499999 0.019737187499999996
1 0.6628405468749998 0.4870151015625 0.00953964062499999 0.014309460937499985
1 0.6423606221419554 0.48664462698107924 0.006086169233560905 0.01282917187499999
0 0.4995141542666351 0.481587375 0.06398042877497415 0.10904700689997418
0 0.5575755468749999 0.47566621875 0.02861892187499997 0.033059789062500046
0 0.456257984375 0.45642246093749994 0.01644765625000003 0.017763468750000032
0 0.6098790937499998 0.516127453125 0.02861892187499997 0.045395531249999975
1 0.32385551760836495 0.5282137773624267 0.01858553354999136 0.03429606638757328
0 0.34967717187499997 0.481587375 0.02565834374999998 0.03454007812500004
0 0.5003377031249999 0.50329828125 0.061514234375000025 0.04391524218749998
0 0.45987646875 0.4554356015625 0.012829171875000019 0.017763468750000032
0 0.35888785937499995 0.5230354687500001 0.05329040625000001 0.057731273437499994
0 0.502311421875 0.537838359375 0.06611957812499997 0.07845532031250002
0 0.5355356875 0.48553481249999997 0.01282917187499996 0.03157949999999996
0 0.716788859375 0.5393186484375 0.02861892187499997 0.07056044531249998
0 0.45823170312499995 0.44951444531249996 0.021052999999999975 0.013816031250000017
0 0.5611940312500001 0.5077391484375 0.04243495312500004 0.04835610937499996
0 0.44441567187500003 0.47171878125000005 0.024013578125000025 0.029112351562500027
0 0.372703890625 0.5102062968750001 0.04868506250000001 0.06463928906250001
0 0.45362635937499995 0.46234361718749994 0.014802890625000013 0.01924375781250003
1 0.607905375 0.4870151015625 0.011513359374999983 0.018750328124999972
0 0.6908015625 0.5407989375 0.0881594375 0.11052825000000004
0 0.116778359375 0.620734546875 0.185858515625 0.15987121875000004
0 0.43421812500000007 0.478626796875 0.017434515625000025 0.01924375781250003
