1 0.5593844311523901 0.4569184675777908 0.004605343749999946 0.017270039062499975
0 0.82410106640625 0.7159664765625 0.35179786718749995 0.4717187812499999
0 0.617445015625 0.5215551796875 0.045066578125 0.06069185156249999
0 0.421388953125 0.4939231171875001 0.023026718750000025 0.026151773437500036
0 0.550996484375 0.48701510156250005 0.01842137500000002 0.012335742187500023
0 0.6283004687500001 0.5309303437499999 0.03848751562500006 0.06908015625
0 0.5355356874999999 0.4662910546875 0.01578974999999995 0.02220433593750002
0 0.560207171875 0.4978705546875 0.01842137500000002 0.020724046875000023
1 0.328624171875 0.49540340625 0.014144984374999996 0.027138632812499973
0 0.4407971875 0.513166875 0.038487515624999996 0.04292838281249996
1 0.5802733124999998 0.5023114218749999 0.00953964062499999 0.032566359374999986
1 0.6021487405433285 0.49046902302523643 0.007565921874999996 0.017270039062499975
0 0.013487078125 0.8379993359375 0.02697415625 0.32400132812500004
0 0.4613567701481805 0.4593829650484169 0.011184406250000004 0.010855453125000025
0 0.493100734375 0.4867682818654657 0.06118528947378697 0.10065969325704156
0 0.548364859375 0.481587375 0.02861892187499997 0.03157949999999996
0 0.45066578124999995 0.46481076562499996 0.01644765625000003 0.020724046875000023
0 0.594418296875 0.520074890625 0.026645203124999975 0.04292838281250004
1 0.32961103124999996 0.5240223281249999 0.01907928124999998 0.04687582031249997
0 0.34967717187499997 0.4909625390624999 0.027632062499999974 0.033059789062499956
0 0.493100734375 0.506258859375 0.05329040625000001 0.036020367187500034
0 0.45527112500000005 0.46234361718749994 0.013816031250000017 0.017763468750000032
0 0.36250634374999996 0.52698290625 0.05065878125 0.055264124999999976
0 0.49507445312500004 0.5422792265625 0.06250109375000003 0.0774684609375
0 0.527311859375 0.4963902656250001 0.017434515625000025 0.029112351562500027
0 0.687183078125 0.5393186484375 0.03486903125000005 0.07302759375000001
0 0.550996484375 0.5131668749999999 0.039474375000000055 0.04391524218749998
0 0.439810328125 0.478626796875 0.024013578125000025 0.027632062500000033
0 0.37434865624999997 0.5146471640625 0.045066578125 0.059211562499999995
0 0.44803415625 0.47319907031249997 0.014802890625000013 0.01924375781250003
1 0.5983657870087282 0.4926071555586036 0.009210722589152098 0.01578974999999998
0 0.6651432187499999 0.5393186484374999 0.07730398437499998 0.09769907812499996
0 0.1802663125 0.602971078125 0.14342356250000002 0.13223915625
0 0.4315865 0.4870151015625 0.01842137500000002 0.020724046875000023
