1 0.5706584570098528 0.45093878356976036 0.005920542458505669 0.017270039062499975
0 0.8544469921874999 0.743384193359375 0.2911060156250001 0.51323161328125
0 0.65083366402522 0.535864536965375 0.0524679987566369 0.07031369344745535
0 0.428625921875 0.5008311328125 0.024013578125000025 0.027632062500000033
0 0.5684309999999999 0.4939231171875 0.021052999999999975 0.013816031250000017
0 0.6697485625000001 0.5491872421874999 0.05427726562500001 0.08536333593750003
0 0.5493517187499999 0.47467935937499994 0.017434515624999966 0.02220433593750002
0 0.5778061393816368 0.5042850369653749 0.021052999999999975 0.01924375781250003
1 0.32961103124999996 0.5052719999999999 0.015131843749999992 0.03552693749999998
0 0.44803415625000004 0.5215551796875 0.04407971875 0.04835610937499996
1 0.5993525937499998 0.5126734453124999 0.00953964062499999 0.037007226562499974
1 0.6315900000000002 0.49836398437499996 0.008552781250000053 0.017270039062499975
1 0.6786302277685834 0.5025580552719017 0.008552781250000053 0.01578974999999998
1 0.654287765625 0.4998442734374999 0.007565921874999996 0.01282917187499999
0 0.471060875 0.46234361718749994 0.004605343750000005 0.005427726562500013
0 0.506916765625 0.49639026562499994 0.06710643750000003 0.11743626562499995
0 0.5648125156249999 0.4884953906250001 0.02861892187499997 0.03454007812500004
0 0.46086332812499997 0.47319907031249997 0.01644765625000003 0.02220433593750002
0 0.6236951249999999 0.5324106328125 0.033224265625000034 0.05378383593749998
1 0.31842689234058086 0.5426492386764943 0.016612052610325754 0.03651315525760594
1 0.583233890625 0.472705640625 0.004605343749999946 0.02417805468749998
0 0.354282515625 0.496390265625 0.029276828124999987 0.036020367187500034
0 0.506916765625 0.5215551796875 0.06546167187499995 0.04391524218749998
0 0.46382390625 0.46629105468750004 0.013816031250000017 0.017763468750000032
0 0.354282515625 0.5422792265624999 0.05789575000000002 0.06217214062499998
0 0.5095483906249999 0.5570821171875 0.07072492187499997 0.08536333593750003
0 0.5417857968750001 0.4963902656250001 0.011184406250000004 0.029112351562500027
0 0.742447203125 0.5708981484375 0.02203985937500003 0.05230354687499998
0 0.472705640625 0.4633304765625 0.005592203125000002 0.008388304687500004
0 0.568431 0.5230354687500001 0.045066578125 0.04983639843749997
0 0.451652640625 0.4840545234375 0.024013578125000025 0.03157949999999996
0 0.37270389062500003 0.5240223281249999 0.051645640624999996 0.06908015625
0 0.45823170312499995 0.47566621875 0.01578975000000001 0.02220433593750002
1 0.6200766406249999 0.502311421875 0.010526500000000046 0.02565834374999998
0 0.72040734375 0.5615229843749999 0.10197546874999995 0.11990341406249998
0 0.0830606640625 0.66909065625 0.166121328125 0.2027996015625
0 0.437836609375 0.4939231171875001 0.01842137500000002 0.020724046875000023
