1 0.5519014249628751 0.4479176679518164 0.004605343749999946 0.013199723381812767
0 0.8059351562499999 0.6592220624999999 0.360532625 0.3863554453125001
0 0.5868523749999999 0.4978705546875 0.02861892187499997 0.04391524218749998
0 0.43224440625 0.4825742343750001 0.021052999999999975 0.02368462500000001
0 0.5463911406249999 0.47467935937499994 0.014802890625000013 0.008388304687500004
0 0.5904708593749999 0.5047785703125 0.021052999999999975 0.04983639843749997
0 0.53093034375 0.45790275 0.013816031250000017 0.017763468750000032
1 0.02565834375 0.5482003828125 0.022697765625 0.1208902734375
1 0.3523087968749999 0.4870151015625 0.010526499999999987 0.019737187499999996
0 0.4526395 0.4939231171875001 0.029276828124999987 0.03454007812500004
1 0.5717205312500001 0.4781333671875 0.008552781250000053 0.01578974999999998
0 0.296386765625 0.551654390625 0.12039684374999998 0.07845532031250002
0 0.46448181250000004 0.45247502343749996 0.008223828125000015 0.010855453125000025
0 0.49408759374999994 0.47467935937499994 0.046053437499999995 0.07845532031250002
0 0.543759515625 0.47171878125 0.02500043750000002 0.02220433593750002
0 0.456257984375 0.45790275 0.014802890625000013 0.017763468750000032
0 0.57040471875 0.4978705546875 0.01644765625000003 0.03454007812500004
1 0.37599342187499996 0.4998442734374999 0.018092421874999983 0.041448093749999956
0 0.37073017187500007 0.47566621875 0.01578975000000001 0.027632062500000033
0 0.471060875 0.45247502343749996 0.005592203125000002 0.010855453125000025
0 0.49507445312500004 0.4870151015625 0.04243495312499999 0.027632062500000033
0 0.4592185625 0.4539553125000001 0.012829171875000019 0.01529632031250001
0 0.277965390625 0.6345505781249999 0.176647828125 0.17911497656249997
0 0.39737537500000003 0.5047785703125 0.03684274999999999 0.03848751562499997
0 0.49770607812499995 0.5255026171874999 0.05789575000000002 0.06908015625
0 0.5500096249999998 0.4870151015625 0.032237406249999975 0.026151773437500036
0 0.6365242968749999 0.516127453125 0.05526412499999995 0.06908015625
0 0.54014103125 0.4939231171875 0.03223740625000004 0.036020367187500034
0 0.44803415625 0.46629105468750004 0.021052999999999975 0.02368462500000001
0 0.4039544375 0.49639026562499994 0.03322426562499998 0.04391524218749998
0 0.45362635937499995 0.460863328125 0.012829171875000019 0.01529632031250001
0 0.97657083984375 0.61382653125 0.046858320312500014 0.18750328124999996
0 0.150002625 0.602971078125 0.1802663125 0.17812811718750005
0 0.09062658593749999 0.544746375 0.18125317187499998 0.11052824999999995
0 0.612839671875 0.5077391484375001 0.04967192187499994 0.066119578125
0 0.324676734375 0.5240223281249999 0.060856328125000005 0.04391524218749998
0 0.43882346875 0.47714650781250006 0.01644765625000003 0.017763468750000032
